0.00000 -0.20000 0.50000 3.14 -0.0 0.0
0.00500 -0.20000 0.49997 3.14 -0.0 0.0
0.01000 -0.20000 0.49988 3.14 -0.0 0.0
0.01499 -0.20000 0.49972 3.14 -0.0 0.0
0.01997 -0.20000 0.49950 3.14 -0.0 0.0
0.02493 -0.20000 0.49922 3.14 -0.0 0.0
0.02989 -0.20000 0.49888 3.14 -0.0 0.0
0.03482 -0.20000 0.49847 3.14 -0.0 0.0
0.03973 -0.20000 0.49801 3.14 -0.0 0.0
0.04462 -0.20000 0.49748 3.14 -0.0 0.0
0.04948 -0.20000 0.49689 3.14 -0.0 0.0
0.05431 -0.20000 0.49624 3.14 -0.0 0.0
0.05910 -0.20000 0.49553 3.14 -0.0 0.0
0.06386 -0.20000 0.49477 3.14 -0.0 0.0
0.06858 -0.20000 0.49394 3.14 -0.0 0.0
0.07325 -0.20000 0.49305 3.14 -0.0 0.0
0.07788 -0.20000 0.49211 3.14 -0.0 0.0
0.08246 -0.20000 0.49110 3.14 -0.0 0.0
0.08699 -0.20000 0.49004 3.14 -0.0 0.0
0.09147 -0.20000 0.48893 3.14 -0.0 0.0
0.09589 -0.20000 0.48776 3.14 -0.0 0.0
0.10024 -0.20000 0.48653 3.14 -0.0 0.0
0.10454 -0.20000 0.48525 3.14 -0.0 0.0
0.10877 -0.20000 0.48392 3.14 -0.0 0.0
0.11293 -0.20000 0.48253 3.14 -0.0 0.0
0.11702 -0.20000 0.48110 3.14 -0.0 0.0
0.12104 -0.20000 0.47961 3.14 -0.0 0.0
0.12498 -0.20000 0.47807 3.14 -0.0 0.0
0.12884 -0.20000 0.47648 3.14 -0.0 0.0
0.13263 -0.20000 0.47485 3.14 -0.0 0.0
0.13633 -0.20000 0.47317 3.14 -0.0 0.0
0.13994 -0.20000 0.47144 3.14 -0.0 0.0
0.14347 -0.20000 0.46967 3.14 -0.0 0.0
0.14691 -0.20000 0.46786 3.14 -0.0 0.0
0.15026 -0.20000 0.46600 3.14 -0.0 0.0
0.15351 -0.20000 0.46410 3.14 -0.0 0.0
0.15667 -0.20000 0.46216 3.14 -0.0 0.0
0.15972 -0.20000 0.46018 3.14 -0.0 0.0
0.16268 -0.20000 0.45817 3.14 -0.0 0.0
0.16554 -0.20000 0.45612 3.14 -0.0 0.0
0.16829 -0.20000 0.45403 3.14 -0.0 0.0
0.17094 -0.20000 0.45191 3.14 -0.0 0.0
0.17348 -0.20000 0.44976 3.14 -0.0 0.0
0.17592 -0.20000 0.44757 3.14 -0.0 0.0
0.17824 -0.20000 0.44536 3.14 -0.0 0.0
0.18045 -0.20000 0.44312 3.14 -0.0 0.0
0.18255 -0.20000 0.44085 3.14 -0.0 0.0
0.18454 -0.20000 0.43855 3.14 -0.0 0.0
0.18641 -0.20000 0.43624 3.14 -0.0 0.0
0.18816 -0.20000 0.43389 3.14 -0.0 0.0
0.18980 -0.20000 0.43153 3.14 -0.0 0.0
0.19131 -0.20000 0.42915 3.14 -0.0 0.0
0.19271 -0.20000 0.42675 3.14 -0.0 0.0
0.19399 -0.20000 0.42433 3.14 -0.0 0.0
0.19514 -0.20000 0.42190 3.14 -0.0 0.0
0.19618 -0.20000 0.41945 3.14 -0.0 0.0
0.19709 -0.20000 0.41700 3.14 -0.0 0.0
0.19788 -0.20000 0.41453 3.14 -0.0 0.0
0.19854 -0.20000 0.41205 3.14 -0.0 0.0
0.19908 -0.20000 0.40956 3.14 -0.0 0.0
0.19950 -0.20000 0.40707 3.14 -0.0 0.0
0.19979 -0.20000 0.40458 3.14 -0.0 0.0
0.19996 -0.20000 0.40208 3.14 -0.0 0.0
0.20000 -0.20000 0.39958 3.14 -0.0 0.0
0.19991 -0.20000 0.39708 3.14 -0.0 0.0
0.19971 -0.20000 0.39458 3.14 -0.0 0.0
0.19937 -0.20000 0.39209 3.14 -0.0 0.0
0.19892 -0.20000 0.38960 3.14 -0.0 0.0
0.19833 -0.20000 0.38712 3.14 -0.0 0.0
0.19763 -0.20000 0.38464 3.14 -0.0 0.0
0.19680 -0.20000 0.38218 3.14 -0.0 0.0
0.19584 -0.20000 0.37972 3.14 -0.0 0.0
0.19477 -0.20000 0.37728 3.14 -0.0 0.0
0.19357 -0.20000 0.37485 3.14 -0.0 0.0
0.19226 -0.20000 0.37244 3.14 -0.0 0.0
0.19082 -0.20000 0.37005 3.14 -0.0 0.0
0.18926 -0.20000 0.36767 3.14 -0.0 0.0
0.18758 -0.20000 0.36532 3.14 -0.0 0.0
0.18579 -0.20000 0.36298 3.14 -0.0 0.0
0.18388 -0.20000 0.36067 3.14 -0.0 0.0
0.18186 -0.20000 0.35839 3.14 -0.0 0.0
0.17972 -0.20000 0.35613 3.14 -0.0 0.0
0.17747 -0.20000 0.35389 3.14 -0.0 0.0
0.17511 -0.20000 0.35169 3.14 -0.0 0.0
0.17264 -0.20000 0.34952 3.14 -0.0 0.0
0.17006 -0.20000 0.34737 3.14 -0.0 0.0
0.16738 -0.20000 0.34526 3.14 -0.0 0.0
0.16459 -0.20000 0.34319 3.14 -0.0 0.0
0.16170 -0.20000 0.34115 3.14 -0.0 0.0
0.15871 -0.20000 0.33915 3.14 -0.0 0.0
0.15561 -0.20000 0.33718 3.14 -0.0 0.0
0.15243 -0.20000 0.33526 3.14 -0.0 0.0
0.14914 -0.20000 0.33337 3.14 -0.0 0.0
0.14576 -0.20000 0.33153 3.14 -0.0 0.0
0.14229 -0.20000 0.32973 3.14 -0.0 0.0
0.13874 -0.20000 0.32797 3.14 -0.0 0.0
0.13509 -0.20000 0.32626 3.14 -0.0 0.0
0.13136 -0.20000 0.32460 3.14 -0.0 0.0
0.12755 -0.20000 0.32298 3.14 -0.0 0.0
0.12366 -0.20000 0.32141 3.14 -0.0 0.0
0.11969 -0.20000 0.31989 3.14 -0.0 0.0
0.11565 -0.20000 0.31841 3.14 -0.0 0.0
0.11154 -0.20000 0.31699 3.14 -0.0 0.0
0.10735 -0.20000 0.31563 3.14 -0.0 0.0
0.10310 -0.20000 0.31431 3.14 -0.0 0.0
0.09878 -0.20000 0.31305 3.14 -0.0 0.0
0.09441 -0.20000 0.31184 3.14 -0.0 0.0
0.08997 -0.20000 0.31069 3.14 -0.0 0.0
0.08548 -0.20000 0.30959 3.14 -0.0 0.0
0.08093 -0.20000 0.30855 3.14 -0.0 0.0
0.07633 -0.20000 0.30757 3.14 -0.0 0.0
0.07169 -0.20000 0.30664 3.14 -0.0 0.0
0.06700 -0.20000 0.30578 3.14 -0.0 0.0
0.06227 -0.20000 0.30497 3.14 -0.0 0.0
0.05750 -0.20000 0.30422 3.14 -0.0 0.0
0.05269 -0.20000 0.30353 3.14 -0.0 0.0
0.04785 -0.20000 0.30290 3.14 -0.0 0.0
0.04298 -0.20000 0.30234 3.14 -0.0 0.0
0.03808 -0.20000 0.30183 3.14 -0.0 0.0
0.03316 -0.20000 0.30138 3.14 -0.0 0.0
0.02822 -0.20000 0.30100 3.14 -0.0 0.0
0.02327 -0.20000 0.30068 3.14 -0.0 0.0
0.01829 -0.20000 0.30042 3.14 -0.0 0.0
0.01331 -0.20000 0.30022 3.14 -0.0 0.0
0.00832 -0.20000 0.30009 3.14 -0.0 0.0
0.00332 -0.20000 0.30001 3.14 -0.0 0.0
-0.00168 -0.20000 0.30000 3.14 -0.0 0.0
-0.00668 -0.20000 0.30006 3.14 -0.0 0.0
-0.01167 -0.20000 0.30017 3.14 -0.0 0.0
-0.01666 -0.20000 0.30035 3.14 -0.0 0.0
-0.02164 -0.20000 0.30059 3.14 -0.0 0.0
-0.02660 -0.20000 0.30089 3.14 -0.0 0.0
-0.03155 -0.20000 0.30125 3.14 -0.0 0.0
-0.03648 -0.20000 0.30168 3.14 -0.0 0.0
-0.04138 -0.20000 0.30216 3.14 -0.0 0.0
-0.04626 -0.20000 0.30271 3.14 -0.0 0.0
-0.05111 -0.20000 0.30332 3.14 -0.0 0.0
-0.05593 -0.20000 0.30399 3.14 -0.0 0.0
-0.06071 -0.20000 0.30472 3.14 -0.0 0.0
-0.06545 -0.20000 0.30551 3.14 -0.0 0.0
-0.07016 -0.20000 0.30635 3.14 -0.0 0.0
-0.07482 -0.20000 0.30726 3.14 -0.0 0.0
-0.07943 -0.20000 0.30822 3.14 -0.0 0.0
-0.08399 -0.20000 0.30925 3.14 -0.0 0.0
-0.08850 -0.20000 0.31032 3.14 -0.0 0.0
-0.09296 -0.20000 0.31146 3.14 -0.0 0.0
-0.09736 -0.20000 0.31265 3.14 -0.0 0.0
-0.10169 -0.20000 0.31389 3.14 -0.0 0.0
-0.10597 -0.20000 0.31519 3.14 -0.0 0.0
-0.11017 -0.20000 0.31654 3.14 -0.0 0.0
-0.11431 -0.20000 0.31794 3.14 -0.0 0.0
-0.11838 -0.20000 0.31940 3.14 -0.0 0.0
-0.12237 -0.20000 0.32090 3.14 -0.0 0.0
-0.12629 -0.20000 0.32246 3.14 -0.0 0.0
-0.13013 -0.20000 0.32406 3.14 -0.0 0.0
-0.13388 -0.20000 0.32571 3.14 -0.0 0.0
-0.13755 -0.20000 0.32741 3.14 -0.0 0.0
-0.14114 -0.20000 0.32915 3.14 -0.0 0.0
-0.14464 -0.20000 0.33093 3.14 -0.0 0.0
-0.14805 -0.20000 0.33276 3.14 -0.0 0.0
-0.15136 -0.20000 0.33464 3.14 -0.0 0.0
-0.15458 -0.20000 0.33655 3.14 -0.0 0.0
-0.15771 -0.20000 0.33850 3.14 -0.0 0.0
-0.16073 -0.20000 0.34049 3.14 -0.0 0.0
-0.16366 -0.20000 0.34252 3.14 -0.0 0.0
-0.16648 -0.20000 0.34458 3.14 -0.0 0.0
-0.16920 -0.20000 0.34668 3.14 -0.0 0.0
-0.17181 -0.20000 0.34881 3.14 -0.0 0.0
-0.17432 -0.20000 0.35097 3.14 -0.0 0.0
-0.17671 -0.20000 0.35317 3.14 -0.0 0.0
-0.17900 -0.20000 0.35539 3.14 -0.0 0.0
-0.18117 -0.20000 0.35764 3.14 -0.0 0.0
-0.18323 -0.20000 0.35992 3.14 -0.0 0.0
-0.18518 -0.20000 0.36222 3.14 -0.0 0.0
-0.18701 -0.20000 0.36455 3.14 -0.0 0.0
-0.18872 -0.20000 0.36690 3.14 -0.0 0.0
-0.19032 -0.20000 0.36927 3.14 -0.0 0.0
-0.19180 -0.20000 0.37166 3.14 -0.0 0.0
-0.19315 -0.20000 0.37406 3.14 -0.0 0.0
-0.19439 -0.20000 0.37648 3.14 -0.0 0.0
-0.19551 -0.20000 0.37892 3.14 -0.0 0.0
-0.19650 -0.20000 0.38137 3.14 -0.0 0.0
-0.19737 -0.20000 0.38383 3.14 -0.0 0.0
-0.19812 -0.20000 0.38630 3.14 -0.0 0.0
-0.19874 -0.20000 0.38878 3.14 -0.0 0.0
-0.19924 -0.20000 0.39127 3.14 -0.0 0.0
-0.19961 -0.20000 0.39377 3.14 -0.0 0.0
-0.19986 -0.20000 0.39626 3.14 -0.0 0.0
-0.19998 -0.20000 0.39876 3.14 -0.0 0.0
-0.19998 -0.20000 0.40126 3.14 -0.0 0.0
-0.19986 -0.20000 0.40376 3.14 -0.0 0.0
-0.19961 -0.20000 0.40626 3.14 -0.0 0.0
-0.19923 -0.20000 0.40875 3.14 -0.0 0.0
-0.19873 -0.20000 0.41124 3.14 -0.0 0.0
-0.19811 -0.20000 0.41372 3.14 -0.0 0.0
-0.19736 -0.20000 0.41619 3.14 -0.0 0.0
-0.19649 -0.20000 0.41865 3.14 -0.0 0.0
-0.19550 -0.20000 0.42110 3.14 -0.0 0.0
-0.19438 -0.20000 0.42354 3.14 -0.0 0.0
-0.19314 -0.20000 0.42596 3.14 -0.0 0.0
-0.19178 -0.20000 0.42837 3.14 -0.0 0.0
-0.19031 -0.20000 0.43075 3.14 -0.0 0.0
-0.18871 -0.20000 0.43312 3.14 -0.0 0.0
-0.18699 -0.20000 0.43547 3.14 -0.0 0.0
-0.18516 -0.20000 0.43780 3.14 -0.0 0.0
-0.18322 -0.20000 0.44010 3.14 -0.0 0.0
-0.18115 -0.20000 0.44238 3.14 -0.0 0.0
-0.17898 -0.20000 0.44463 3.14 -0.0 0.0
-0.17669 -0.20000 0.44685 3.14 -0.0 0.0
-0.17429 -0.20000 0.44905 3.14 -0.0 0.0
-0.17179 -0.20000 0.45121 3.14 -0.0 0.0
-0.16917 -0.20000 0.45334 3.14 -0.0 0.0
-0.16645 -0.20000 0.45544 3.14 -0.0 0.0
-0.16363 -0.20000 0.45750 3.14 -0.0 0.0
-0.16070 -0.20000 0.45953 3.14 -0.0 0.0
-0.15768 -0.20000 0.46152 3.14 -0.0 0.0
-0.15455 -0.20000 0.46347 3.14 -0.0 0.0
-0.15133 -0.20000 0.46538 3.14 -0.0 0.0
-0.14802 -0.20000 0.46725 3.14 -0.0 0.0
-0.14461 -0.20000 0.46908 3.14 -0.0 0.0
-0.14111 -0.20000 0.47087 3.14 -0.0 0.0
-0.13752 -0.20000 0.47261 3.14 -0.0 0.0
-0.13385 -0.20000 0.47430 3.14 -0.0 0.0
-0.13009 -0.20000 0.47595 3.14 -0.0 0.0
-0.12625 -0.20000 0.47756 3.14 -0.0 0.0
-0.12234 -0.20000 0.47911 3.14 -0.0 0.0
-0.11834 -0.20000 0.48061 3.14 -0.0 0.0
-0.11428 -0.20000 0.48207 3.14 -0.0 0.0
-0.11014 -0.20000 0.48347 3.14 -0.0 0.0
-0.10593 -0.20000 0.48482 3.14 -0.0 0.0
-0.10166 -0.20000 0.48612 3.14 -0.0 0.0
-0.09732 -0.20000 0.48736 3.14 -0.0 0.0
-0.09292 -0.20000 0.48855 3.14 -0.0 0.0
-0.08846 -0.20000 0.48969 3.14 -0.0 0.0
-0.08395 -0.20000 0.49076 3.14 -0.0 0.0
-0.07939 -0.20000 0.49178 3.14 -0.0 0.0
-0.07478 -0.20000 0.49275 3.14 -0.0 0.0
-0.07012 -0.20000 0.49365 3.14 -0.0 0.0
-0.06541 -0.20000 0.49450 3.14 -0.0 0.0
-0.06067 -0.20000 0.49529 3.14 -0.0 0.0
-0.05588 -0.20000 0.49602 3.14 -0.0 0.0
-0.05107 -0.20000 0.49669 3.14 -0.0 0.0
-0.04622 -0.20000 0.49729 3.14 -0.0 0.0
-0.04134 -0.20000 0.49784 3.14 -0.0 0.0
-0.03643 -0.20000 0.49833 3.14 -0.0 0.0
-0.03151 -0.20000 0.49875 3.14 -0.0 0.0
-0.02656 -0.20000 0.49911 3.14 -0.0 0.0
-0.02159 -0.20000 0.49942 3.14 -0.0 0.0
-0.01662 -0.20000 0.49965 3.14 -0.0 0.0
-0.01163 -0.20000 0.49983 3.14 -0.0 0.0
-0.00664 -0.20000 0.49994 3.14 -0.0 0.0
-0.00164 -0.20000 0.50000 3.14 -0.0 0.0
0.00336 -0.20000 0.49999 3.14 -0.0 0.0
0.00836 -0.20000 0.49991 3.14 -0.0 0.0
0.01335 -0.20000 0.49978 3.14 -0.0 0.0
0.01834 -0.20000 0.49958 3.14 -0.0 0.0
0.02331 -0.20000 0.49932 3.14 -0.0 0.0
0.02827 -0.20000 0.49900 3.14 -0.0 0.0
0.03321 -0.20000 0.49861 3.14 -0.0 0.0
0.03813 -0.20000 0.49817 3.14 -0.0 0.0
0.04302 -0.20000 0.49766 3.14 -0.0 0.0
0.04789 -0.20000 0.49709 3.14 -0.0 0.0
0.05273 -0.20000 0.49646 3.14 -0.0 0.0
0.05754 -0.20000 0.49577 3.14 -0.0 0.0
0.06231 -0.20000 0.49502 3.14 -0.0 0.0
0.06704 -0.20000 0.49421 3.14 -0.0 0.0
0.07173 -0.20000 0.49335 3.14 -0.0 0.0
0.07637 -0.20000 0.49242 3.14 -0.0 0.0
0.08097 -0.20000 0.49144 3.14 -0.0 0.0
0.08552 -0.20000 0.49040 3.14 -0.0 0.0
0.09001 -0.20000 0.48930 3.14 -0.0 0.0
0.09445 -0.20000 0.48815 3.14 -0.0 0.0
0.09882 -0.20000 0.48694 3.14 -0.0 0.0
0.10314 -0.20000 0.48568 3.14 -0.0 0.0
0.10739 -0.20000 0.48436 3.14 -0.0 0.0
0.11157 -0.20000 0.48299 3.14 -0.0 0.0
0.11569 -0.20000 0.48157 3.14 -0.0 0.0
0.11973 -0.20000 0.48010 3.14 -0.0 0.0
0.12370 -0.20000 0.47858 3.14 -0.0 0.0
0.12759 -0.20000 0.47701 3.14 -0.0 0.0
0.13140 -0.20000 0.47539 3.14 -0.0 0.0
0.13513 -0.20000 0.47372 3.14 -0.0 0.0
0.13877 -0.20000 0.47201 3.14 -0.0 0.0
0.14233 -0.20000 0.47026 3.14 -0.0 0.0
0.14579 -0.20000 0.46845 3.14 -0.0 0.0
0.14917 -0.20000 0.46661 3.14 -0.0 0.0
0.15245 -0.20000 0.46473 3.14 -0.0 0.0
0.15564 -0.20000 0.46280 3.14 -0.0 0.0
0.15873 -0.20000 0.46084 3.14 -0.0 0.0
0.16173 -0.20000 0.45883 3.14 -0.0 0.0
0.16462 -0.20000 0.45679 3.14 -0.0 0.0
0.16740 -0.20000 0.45472 3.14 -0.0 0.0
0.17009 -0.20000 0.45261 3.14 -0.0 0.0
0.17266 -0.20000 0.45047 3.14 -0.0 0.0
0.17513 -0.20000 0.44829 3.14 -0.0 0.0
0.17749 -0.20000 0.44609 3.14 -0.0 0.0
0.17974 -0.20000 0.44385 3.14 -0.0 0.0
0.18188 -0.20000 0.44159 3.14 -0.0 0.0
0.18390 -0.20000 0.43931 3.14 -0.0 0.0
0.18581 -0.20000 0.43700 3.14 -0.0 0.0
0.18760 -0.20000 0.43466 3.14 -0.0 0.0
0.18927 -0.20000 0.43231 3.14 -0.0 0.0
0.19083 -0.20000 0.42993 3.14 -0.0 0.0
0.19227 -0.20000 0.42754 3.14 -0.0 0.0
0.19358 -0.20000 0.42513 3.14 -0.0 0.0
0.19478 -0.20000 0.42270 3.14 -0.0 0.0
0.19585 -0.20000 0.42026 3.14 -0.0 0.0
0.19681 -0.20000 0.41780 3.14 -0.0 0.0
0.19763 -0.20000 0.41534 3.14 -0.0 0.0
0.19834 -0.20000 0.41286 3.14 -0.0 0.0
0.19892 -0.20000 0.41038 3.14 -0.0 0.0
0.19938 -0.20000 0.40789 3.14 -0.0 0.0
0.19971 -0.20000 0.40540 3.14 -0.0 0.0
0.19992 -0.20000 0.40290 3.14 -0.0 0.0
0.20000 -0.20000 0.40040 3.14 -0.0 0.0
0.19996 -0.20000 0.39790 3.14 -0.0 0.0
0.19979 -0.20000 0.39540 3.14 -0.0 0.0
0.19950 -0.20000 0.39290 3.14 -0.0 0.0
0.19908 -0.20000 0.39041 3.14 -0.0 0.0
0.19854 -0.20000 0.38793 3.14 -0.0 0.0
0.19787 -0.20000 0.38545 3.14 -0.0 0.0
0.19708 -0.20000 0.38298 3.14 -0.0 0.0
0.19617 -0.20000 0.38052 3.14 -0.0 0.0
0.19513 -0.20000 0.37808 3.14 -0.0 0.0
0.19398 -0.20000 0.37565 3.14 -0.0 0.0
0.19270 -0.20000 0.37323 3.14 -0.0 0.0
0.19130 -0.20000 0.37083 3.14 -0.0 0.0
0.18978 -0.20000 0.36845 3.14 -0.0 0.0
0.18815 -0.20000 0.36608 3.14 -0.0 0.0
0.18639 -0.20000 0.36374 3.14 -0.0 0.0
0.18452 -0.20000 0.36143 3.14 -0.0 0.0
0.18253 -0.20000 0.35913 3.14 -0.0 0.0
0.18043 -0.20000 0.35686 3.14 -0.0 0.0
0.17822 -0.20000 0.35462 3.14 -0.0 0.0
0.17590 -0.20000 0.35241 3.14 -0.0 0.0
0.17346 -0.20000 0.35022 3.14 -0.0 0.0
0.17092 -0.20000 0.34807 3.14 -0.0 0.0
0.16827 -0.20000 0.34595 3.14 -0.0 0.0
0.16552 -0.20000 0.34386 3.14 -0.0 0.0
0.16266 -0.20000 0.34181 3.14 -0.0 0.0
0.15970 -0.20000 0.33980 3.14 -0.0 0.0
0.15664 -0.20000 0.33782 3.14 -0.0 0.0
0.15348 -0.20000 0.33588 3.14 -0.0 0.0
0.15023 -0.20000 0.33399 3.14 -0.0 0.0
0.14688 -0.20000 0.33213 3.14 -0.0 0.0
0.14344 -0.20000 0.33031 3.14 -0.0 0.0
0.13991 -0.20000 0.32854 3.14 -0.0 0.0
0.13630 -0.20000 0.32682 3.14 -0.0 0.0
0.13259 -0.20000 0.32514 3.14 -0.0 0.0
0.12881 -0.20000 0.32350 3.14 -0.0 0.0
0.12494 -0.20000 0.32192 3.14 -0.0 0.0
0.12100 -0.20000 0.32038 3.14 -0.0 0.0
0.11698 -0.20000 0.31889 3.14 -0.0 0.0
0.11289 -0.20000 0.31745 3.14 -0.0 0.0
0.10873 -0.20000 0.31607 3.14 -0.0 0.0
0.10450 -0.20000 0.31474 3.14 -0.0 0.0
0.10020 -0.20000 0.31346 3.14 -0.0 0.0
0.09585 -0.20000 0.31223 3.14 -0.0 0.0
0.09143 -0.20000 0.31106 3.14 -0.0 0.0
0.08695 -0.20000 0.30995 3.14 -0.0 0.0
0.08242 -0.20000 0.30889 3.14 -0.0 0.0
0.07784 -0.20000 0.30789 3.14 -0.0 0.0
0.07321 -0.20000 0.30694 3.14 -0.0 0.0
0.06854 -0.20000 0.30606 3.14 -0.0 0.0
0.06382 -0.20000 0.30523 3.14 -0.0 0.0
0.05906 -0.20000 0.30446 3.14 -0.0 0.0
0.05427 -0.20000 0.30375 3.14 -0.0 0.0
0.04944 -0.20000 0.30310 3.14 -0.0 0.0
0.04458 -0.20000 0.30252 3.14 -0.0 0.0
0.03969 -0.20000 0.30199 3.14 -0.0 0.0
0.03478 -0.20000 0.30152 3.14 -0.0 0.0
0.02984 -0.20000 0.30112 3.14 -0.0 0.0
0.02489 -0.20000 0.30078 3.14 -0.0 0.0
0.01992 -0.20000 0.30050 3.14 -0.0 0.0
0.01494 -0.20000 0.30028 3.14 -0.0 0.0
0.00995 -0.20000 0.30012 3.14 -0.0 0.0
0.00496 -0.20000 0.30003 3.14 -0.0 0.0
-0.00004 -0.20000 0.30000 3.14 -0.0 0.0
-0.00504 -0.20000 0.30003 3.14 -0.0 0.0
-0.01004 -0.20000 0.30013 3.14 -0.0 0.0
-0.01503 -0.20000 0.30028 3.14 -0.0 0.0
-0.02001 -0.20000 0.30050 3.14 -0.0 0.0
-0.02498 -0.20000 0.30078 3.14 -0.0 0.0
-0.02993 -0.20000 0.30113 3.14 -0.0 0.0
-0.03487 -0.20000 0.30153 3.14 -0.0 0.0
-0.03978 -0.20000 0.30200 3.14 -0.0 0.0
-0.04466 -0.20000 0.30253 3.14 -0.0 0.0
-0.04952 -0.20000 0.30311 3.14 -0.0 0.0
-0.05435 -0.20000 0.30376 3.14 -0.0 0.0
-0.05915 -0.20000 0.30447 3.14 -0.0 0.0
-0.06390 -0.20000 0.30524 3.14 -0.0 0.0
-0.06862 -0.20000 0.30607 3.14 -0.0 0.0
-0.07330 -0.20000 0.30696 3.14 -0.0 0.0
-0.07792 -0.20000 0.30790 3.14 -0.0 0.0
-0.08250 -0.20000 0.30891 3.14 -0.0 0.0
-0.08703 -0.20000 0.30996 3.14 -0.0 0.0
-0.09151 -0.20000 0.31108 3.14 -0.0 0.0
-0.09592 -0.20000 0.31225 3.14 -0.0 0.0
-0.10028 -0.20000 0.31348 3.14 -0.0 0.0
-0.10458 -0.20000 0.31476 3.14 -0.0 0.0
-0.10880 -0.20000 0.31609 3.14 -0.0 0.0
-0.11297 -0.20000 0.31748 3.14 -0.0 0.0
-0.11706 -0.20000 0.31892 3.14 -0.0 0.0
-0.12107 -0.20000 0.32041 3.14 -0.0 0.0
-0.12501 -0.20000 0.32194 3.14 -0.0 0.0
-0.12888 -0.20000 0.32353 3.14 -0.0 0.0
-0.13266 -0.20000 0.32516 3.14 -0.0 0.0
-0.13636 -0.20000 0.32685 3.14 -0.0 0.0
-0.13997 -0.20000 0.32857 3.14 -0.0 0.0
-0.14350 -0.20000 0.33035 3.14 -0.0 0.0
-0.14694 -0.20000 0.33216 3.14 -0.0 0.0
-0.15029 -0.20000 0.33402 3.14 -0.0 0.0
-0.15354 -0.20000 0.33592 3.14 -0.0 0.0
-0.15669 -0.20000 0.33786 3.14 -0.0 0.0
-0.15975 -0.20000 0.33983 3.14 -0.0 0.0
-0.16271 -0.20000 0.34185 3.14 -0.0 0.0
-0.16557 -0.20000 0.34390 3.14 -0.0 0.0
-0.16832 -0.20000 0.34599 3.14 -0.0 0.0
-0.17097 -0.20000 0.34811 3.14 -0.0 0.0
-0.17351 -0.20000 0.35026 3.14 -0.0 0.0
-0.17594 -0.20000 0.35245 3.14 -0.0 0.0
-0.17826 -0.20000 0.35466 3.14 -0.0 0.0
-0.18047 -0.20000 0.35690 3.14 -0.0 0.0
-0.18257 -0.20000 0.35917 3.14 -0.0 0.0
-0.18456 -0.20000 0.36147 3.14 -0.0 0.0
-0.18642 -0.20000 0.36378 3.14 -0.0 0.0
-0.18818 -0.20000 0.36613 3.14 -0.0 0.0
-0.18981 -0.20000 0.36849 3.14 -0.0 0.0
-0.19133 -0.20000 0.37087 3.14 -0.0 0.0
-0.19272 -0.20000 0.37327 3.14 -0.0 0.0
-0.19400 -0.20000 0.37569 3.14 -0.0 0.0
-0.19515 -0.20000 0.37812 3.14 -0.0 0.0
-0.19619 -0.20000 0.38057 3.14 -0.0 0.0
-0.19710 -0.20000 0.38303 3.14 -0.0 0.0
-0.19788 -0.20000 0.38549 3.14 -0.0 0.0
-0.19855 -0.20000 0.38797 3.14 -0.0 0.0
-0.19909 -0.20000 0.39046 3.14 -0.0 0.0
-0.19950 -0.20000 0.39295 3.14 -0.0 0.0
-0.19979 -0.20000 0.39544 3.14 -0.0 0.0
-0.19996 -0.20000 0.39794 3.14 -0.0 0.0
-0.20000 -0.20000 0.40044 3.14 -0.0 0.0
-0.19991 -0.20000 0.40294 3.14 -0.0 0.0
-0.19970 -0.20000 0.40544 3.14 -0.0 0.0
-0.19937 -0.20000 0.40793 3.14 -0.0 0.0
-0.19891 -0.20000 0.41042 3.14 -0.0 0.0
-0.19833 -0.20000 0.41291 3.14 -0.0 0.0
-0.19762 -0.20000 0.41538 3.14 -0.0 0.0
-0.19679 -0.20000 0.41785 3.14 -0.0 0.0
-0.19584 -0.20000 0.42030 3.14 -0.0 0.0
-0.19476 -0.20000 0.42274 3.14 -0.0 0.0
-0.19356 -0.20000 0.42517 3.14 -0.0 0.0
-0.19224 -0.20000 0.42758 3.14 -0.0 0.0
-0.19080 -0.20000 0.42997 3.14 -0.0 0.0
-0.18925 -0.20000 0.43235 3.14 -0.0 0.0
-0.18757 -0.20000 0.43471 3.14 -0.0 0.0
-0.18578 -0.20000 0.43704 3.14 -0.0 0.0
-0.18387 -0.20000 0.43935 3.14 -0.0 0.0
-0.18184 -0.20000 0.44163 3.14 -0.0 0.0
-0.17970 -0.20000 0.44389 3.14 -0.0 0.0
-0.17745 -0.20000 0.44613 3.14 -0.0 0.0
-0.17509 -0.20000 0.44833 3.14 -0.0 0.0
-0.17262 -0.20000 0.45050 3.14 -0.0 0.0
-0.17004 -0.20000 0.45265 3.14 -0.0 0.0
-0.16736 -0.20000 0.45475 3.14 -0.0 0.0
-0.16457 -0.20000 0.45683 3.14 -0.0 0.0
-0.16167 -0.20000 0.45887 3.14 -0.0 0.0
-0.15868 -0.20000 0.46087 3.14 -0.0 0.0
-0.15559 -0.20000 0.46283 3.14 -0.0 0.0
-0.15240 -0.20000 0.46476 3.14 -0.0 0.0
-0.14911 -0.20000 0.46664 3.14 -0.0 0.0
-0.14573 -0.20000 0.46849 3.14 -0.0 0.0
-0.14226 -0.20000 0.47029 3.14 -0.0 0.0
-0.13871 -0.20000 0.47204 3.14 -0.0 0.0
-0.13506 -0.20000 0.47375 3.14 -0.0 0.0
-0.13133 -0.20000 0.47542 3.14 -0.0 0.0
-0.12752 -0.20000 0.47704 3.14 -0.0 0.0
-0.12363 -0.20000 0.47861 3.14 -0.0 0.0
-0.11966 -0.20000 0.48013 3.14 -0.0 0.0
-0.11562 -0.20000 0.48160 3.14 -0.0 0.0
-0.11150 -0.20000 0.48302 3.14 -0.0 0.0
-0.10731 -0.20000 0.48439 3.14 -0.0 0.0
-0.10306 -0.20000 0.48570 3.14 -0.0 0.0
-0.09875 -0.20000 0.48696 3.14 -0.0 0.0
-0.09437 -0.20000 0.48817 3.14 -0.0 0.0
-0.08993 -0.20000 0.48932 3.14 -0.0 0.0
-0.08544 -0.20000 0.49042 3.14 -0.0 0.0
-0.08089 -0.20000 0.49146 3.14 -0.0 0.0
-0.07629 -0.20000 0.49244 3.14 -0.0 0.0
-0.07165 -0.20000 0.49336 3.14 -0.0 0.0
-0.06696 -0.20000 0.49423 3.14 -0.0 0.0
-0.06222 -0.20000 0.49504 3.14 -0.0 0.0
-0.05745 -0.20000 0.49579 3.14 -0.0 0.0
-0.05265 -0.20000 0.49647 3.14 -0.0 0.0
-0.04781 -0.20000 0.49710 3.14 -0.0 0.0
-0.04294 -0.20000 0.49767 3.14 -0.0 0.0
-0.03804 -0.20000 0.49817 3.14 -0.0 0.0
-0.03312 -0.20000 0.49862 3.14 -0.0 0.0
-0.02818 -0.20000 0.49900 3.14 -0.0 0.0
-0.02322 -0.20000 0.49932 3.14 -0.0 0.0
-0.01825 -0.20000 0.49958 3.14 -0.0 0.0
