0.13579 0.52254 0.19761 -3.141018591894302 -0.001976805177294601 -0.7925891452610327
0.13579 0.52254 0.19761 -3.141018591894302 -0.001976805177294601 -0.7925891452610327
0.14659 0.49217 0.19583 -3.137837881672381 -0.019366797808654034 -0.7855619969054172
0.15829 0.46324 0.19570 -3.131799166646689 -0.03382954652531221 -0.7838353125193342
0.16908 0.43619 0.19694 -3.1238870019377996 -0.04499454530900246 -0.7837719575143239
0.17876 0.41101 0.19915 -3.114715127280786 -0.05354011544336677 -0.7847133900478293
0.18735 0.38762 0.20201 -3.104760732360666 -0.06011061676994879 -0.7863710477870741
0.19494 0.36591 0.20527 -3.0944063489764417 -0.06523514836753022 -0.7885343268120427
0.20163 0.34576 0.20873 -3.0839600841841426 -0.0693378967079845 -0.7910285179154158
0.20752 0.32705 0.21225 -3.073669977922098 -0.07275559002739584 -0.7937055826794213
0.21271 0.30966 0.21573 -3.0637350299049553 -0.07575316136394515 -0.7964423971614
0.21732 0.29347 0.21910 -3.054313911948968 -0.07853643034308816 -0.7991423023824373
0.22143 0.27836 0.22231 -3.045531973004865 -0.08126174264125852 -0.8017374700222416
0.22512 0.26422 0.22531 -3.0374869119690726 -0.08404307746956241 -0.8041894009864554
0.22849 0.25093 0.22810 -3.0302533362706994 -0.08695756768028945 -0.8064856392538654
0.23158 0.23838 0.23066 -3.0238863571916106 -0.09005043578806242 -0.8086327190100976
0.23447 0.22647 0.23299 -3.0184243605549335 -0.09333997412145555 -0.8106473287715864
0.23718 0.21512 0.23509 -3.013891102259361 -0.09682263308645911 -0.8125483392083599
0.23975 0.20423 0.23697 -3.010297288870343 -0.10047792644001904 -0.8143514494135564
0.24220 0.19373 0.23863 -3.007641798391432 -0.10427283030065013 -0.8160667290750341
0.24455 0.18356 0.24008 -3.0059126854253786 -0.1081655256115727 -0.817698329377782
0.24679 0.17367 0.24134 -3.005088077278092 -0.11210849573021854 -0.8192453952198443
0.24893 0.16401 0.24240 -3.0051370405641205 -0.11605107820642253 -0.8207034381742994
0.25096 0.15453 0.24329 -3.0060204627477014 -0.11994157538565213 -0.8220657409205155
0.25288 0.14521 0.24401 -3.0076919758077736 -0.12372901181256364 -0.8233245986291542
0.25469 0.13603 0.24457 -3.0100989310625184 -0.12736459624558452 -0.8244723320260968
0.25636 0.12696 0.24498 -3.013183422794409 -0.13080292541713173 -0.8255020662026181
0.25789 0.11798 0.24526 -3.0168833548254694 -0.13400295291463468 -0.826408295065645
0.25927 0.10910 0.24541 -3.0211333446108046 -0.13692836265029795 -0.8271890366064898
0.26049 0.10030 0.24545 -3.0258663555445597 -0.13954908423864826 -0.8278412568504967
0.26154 0.09158 0.24538 -3.031014593823025 -0.1418416471248973 -0.8283652358757961
0.26242 0.08294 0.24522 -3.0365095353000227 -0.14378636277336346 -0.8287617522518725
0.26312 0.07439 0.24497 -3.0422849939213665 -0.14537253447343315 -0.8290363389768549
0.26364 0.06592 0.24465 -3.0482755308081364 -0.14659249859219506 -0.8291931802958751
0.26396 0.05755 0.24426 -3.0544197239628565 -0.14744641684820017 -0.8292394470423812
0.26410 0.04929 0.24381 -3.060659202042801 -0.14793874679252697 -0.829183218856559
0.26405 0.04114 0.24332 -3.0669400257715203 -0.1480791078584877 -0.8290346741114508
0.26381 0.03310 0.24278 -3.073211562899485 -0.14787923066389888 -0.8288014848079975
0.26339 0.02520 0.24221 -3.079429584687479 -0.1473563945210284 -0.8284931600229674
0.26279 0.01743 0.24162 -3.08555421033339 -0.14652981324594327 -0.828119058320205
0.26202 0.00981 0.24101 -3.09155060426243 -0.14542081070757412 -0.827688273369847
0.26109 0.00235 0.24038 -3.0973889147569404 -0.1440522134119927 -0.8272094647039574
0.26000 -0.00496 0.23975 -3.1030441184888375 -0.14244778064314162 -0.8266907354832914
0.25876 -0.01211 0.23912 -3.108495789060486 -0.1406316869289298 -0.8261395481400494
0.25738 -0.01908 0.23849 -3.113727804537812 -0.13862806205279485 -0.8255626731622097
0.25587 -0.02588 0.23787 -3.1187280134581448 -0.13646059468921565 -0.824966168112185
0.25424 -0.03250 0.23726 -3.1234878703738818 -0.13415219996174904 -0.8243553798981798
0.25250 -0.03894 0.23666 -3.1280020572169187 -0.13172475044240403 -0.8237349662452143
0.25066 -0.04520 0.23608 -3.1322681014247915 -0.12919886731831362 -0.8231089314212283
0.24873 -0.05127 0.23551 -3.136285999908105 -0.12659376747708018 -0.8224806709917986
0.24672 -0.05716 0.23497 -3.1400578577383267 -0.1239271615682091 -0.8218530228357874
0.24464 -0.06287 0.23445 3.139597759824021 -0.12121519628238485 -0.8212283208983184
0.24250 -0.06839 0.23396 3.1363049156363267 -0.11847243560348687 -0.8206084487737129
0.24030 -0.07374 0.23349 3.1332424333514655 -0.11571187453524857 -0.8199948917767949
0.23806 -0.07891 0.23304 3.1304029286632447 -0.11294497937689386 -0.8193887866001355
0.23578 -0.08390 0.23263 3.127778348710532 -0.11018174937985774 -0.8187909664856776
0.23347 -0.08872 0.23224 3.1253601741079087 -0.10743079457447194 -0.8182020029953445
0.23114 -0.09337 0.23187 3.1231395944810965 -0.10469942544745948 -0.8176222427763878
0.22880 -0.09785 0.23154 3.1211076567792433 -0.10199375070051533 -0.8170518407168078
0.22645 -0.10218 0.23123 3.119255390239228 -0.09931877959784267 -0.8164907885757731
0.22409 -0.10634 0.23094 3.117573908178764 -0.09667852620184132 -0.8159389403510646
0.22173 -0.11036 0.23069 3.116054490460406 -0.09407611342586532 -0.8153960338874214
0.21938 -0.11422 0.23046 3.1146886474691295 -0.09151387455850493 -0.8148617100401484
0.21705 -0.11794 0.23025 3.1134681684134495 -0.08899345143352254 -0.8143355291011664
0.21472 -0.12152 0.23007 3.112385156197619 -0.08651588778085934 -0.8138169850781997
0.21242 -0.12497 0.22991 3.111432050243918 -0.08408171702361131 -0.8133055181864451
0.21014 -0.12828 0.22978 3.1106019766560107 -0.08169080984335098 -0.8128021305233233
0.20788 -0.13147 0.22967 3.10988770568839 -0.07934316141167136 -0.8123043785428412
0.20566 -0.13453 0.22958 3.1092827335206126 -0.07703823912423557 -0.8118116176571073
0.20346 -0.13748 0.22951 3.108780900262459 -0.07477528753907269 -0.8113231909327603
0.20130 -0.14031 0.22946 3.108376376506061 -0.07255338464727674 -0.8108384322690433
0.19917 -0.14303 0.22943 3.108063648246905 -0.0703714913382049 -0.8103566733087557
0.19708 -0.14564 0.22942 3.1078374988861017 -0.0682284946260463 -0.8098772504633208
0.19502 -0.14815 0.22943 3.107692990096105 -0.06612324535120602 -0.8093995112126715
0.19300 -0.15057 0.22946 3.1076254415995477 -0.06405459009764047 -0.80892282026577
0.19103 -0.15289 0.22950 3.107630794653318 -0.06202114906946098 -0.8084482412541757
0.18909 -0.15511 0.22956 3.107704400468562 -0.060022098524054684 -0.8079732726071696
0.18720 -0.15725 0.22964 3.1078422352684263 -0.05805641703672911 -0.8074973835587088
0.18534 -0.15931 0.22973 3.108040455500119 -0.05612315972455847 -0.8070200834626424
0.18353 -0.16128 0.22983 3.1082953792190184 -0.054221469169135755 -0.8065409219443824
0.18176 -0.16317 0.22995 3.108603470405162 -0.052350582519819444 -0.8060594927347873
0.18004 -0.16499 0.23009 3.108961777901042 -0.050509547180481916 -0.8055772931315577
0.17835 -0.16674 0.23023 3.1093665138979145 -0.0486981042167385 -0.8050918777700656
0.17671 -0.16842 0.23039 3.109814502976882 -0.04691579082550158 -0.8046030173976942
0.17511 -0.17003 0.23056 3.110302667845897 -0.04516224087001308 -0.8041105399056574
0.17355 -0.17158 0.23074 3.110828020277853 -0.04343718158140697 -0.8036143269455737
0.17204 -0.17306 0.23094 3.1113876544381034 -0.0417404280882718 -0.8031143149808841
0.17056 -0.17449 0.23114 3.1119787417553644 -0.04007187690791093 -0.8026104956768343
0.16913 -0.17586 0.23136 3.1125990367249496 -0.038431176460210666 -0.8021048372131547
0.16773 -0.17717 0.23158 3.1132452895635363 -0.036818707004776324 -0.8015952132765545
0.16638 -0.17844 0.23182 3.1139148888019 -0.03523456368380237 -0.8010818083819908
0.16507 -0.17965 0.23207 3.1146052920100646 -0.03367889006313898 -0.8005648594174456
0.16379 -0.18082 0.23232 3.1153140248341127 -0.03215187012422697 -0.8000446492563171
0.16255 -0.18193 0.23259 3.116038681824032 -0.03065371970680448 -0.7995215043407649
0.16135 -0.18301 0.23286 3.1167775291530657 -0.029184293922941418 -0.7989978985724953
0.16018 -0.18404 0.23315 3.117527635757749 -0.02774426013917473 -0.798471788168111
0.15905 -0.18504 0.23344 3.118286817069278 -0.026333880963531505 -0.797943647978189
0.15796 -0.18601 0.23376 3.119032906134663 -0.025001917588871093 -0.7974318347007768
0.15691 -0.18700 0.23411 3.1197496270514 -0.023780139404513193 -0.7969496823550977
0.15590 -0.18798 0.23448 3.1204382896224274 -0.022657529866222954 -0.7964950416262151
0.15493 -0.18896 0.23488 3.1211001888842356 -0.021624224362942382 -0.7960658974557393
0.15399 -0.18994 0.23530 3.1217372909398664 -0.02067092777740266 -0.7956626167001877
0.15308 -0.19092 0.23574 3.122350058074338 -0.01979023798404115 -0.7952809233688113
0.15221 -0.19188 0.23620 3.122939692951211 -0.018975054927434995 -0.7949192821044574
0.15136 -0.19284 0.23668 3.1235073484762794 -0.018219016167331313 -0.7945762831064449
0.15055 -0.19378 0.23717 3.12405412200335 -0.017516420834218 -0.7942506284309105
0.14976 -0.19472 0.23768 3.1245810529603406 -0.016862160383285363 -0.7939411233724888
0.14899 -0.19564 0.23820 3.1250891219213592 -0.016251656614685046 -0.7936466685042044
0.14825 -0.19654 0.23874 3.125579250875584 -0.0156808059344982 -0.7933662521663399
0.14753 -0.19743 0.23929 3.126052304372936 -0.015145929544355242 -0.7930989435624094
0.14683 -0.19831 0.23984 3.12650781445315 -0.014641579386684768 -0.7928462201690153
0.14616 -0.19917 0.24041 3.1269480041803543 -0.014167222202407294 -0.7926046119278329
0.14550 -0.20001 0.24099 3.1273754504969538 -0.013721658623435483 -0.7923734085343904
0.14487 -0.20083 0.24157 3.1277886312337655 -0.013300805999059721 -0.7921519992793447
0.14425 -0.20164 0.24217 3.128188168605556 -0.012902523096661848 -0.7919398006830799
0.14365 -0.20243 0.24277 3.1285746428395957 -0.012524886211731182 -0.7917362772632219
0.14307 -0.20319 0.24337 3.1289485942848665 -0.012166166727317605 -0.7915409347963972
0.14250 -0.20394 0.24399 3.129310526363792 -0.011824810632946601 -0.7913533169607877
0.14195 -0.20468 0.24461 3.129660908517086 -0.011499420033120208 -0.7911730021520882
0.14142 -0.20539 0.24523 3.130000179020886 -0.01118873665547817 -0.7909996005671872
0.14090 -0.20608 0.24586 3.1303272585140647 -0.01088875595750194 -0.7908352444817802
0.14040 -0.20676 0.24649 3.130644227683607 -0.010601686184765279 -0.7906767418706983
0.13991 -0.20742 0.24712 3.130951422149392 -0.010326568511585919 -0.7905238242363766
0.13943 -0.20806 0.24776 3.1312491586337607 -0.010062536946528635 -0.7903762414322318
0.13896 -0.20868 0.24840 3.131537736763593 -0.009808808736592305 -0.7902337598126457
0.13851 -0.20928 0.24905 3.1318174406418797 -0.009564675619327159 -0.7900961608392707
0.13807 -0.20986 0.24970 3.132088540226131 -0.009329496180103758 -0.7899632398880693
0.13764 -0.21043 0.25034 3.1323512927627313 -0.009102688723501881 -0.7898348050077693
0.13723 -0.21098 0.25100 3.1326059439130685 -0.008883725170085973 -0.7897106759115808
0.13682 -0.21151 0.25165 3.1328527288526744 -0.00867212547776382 -0.7895906829939741
0.13642 -0.21202 0.25230 3.133091873283899 -0.008467452668825102 -0.7894746664367012
0.13604 -0.21252 0.25295 3.133323594339265 -0.008269308332400678 -0.7893624753668593
0.13566 -0.21300 0.25361 3.133547713075538 -0.008074705807131398 -0.7892566256771084
0.13529 -0.21346 0.25426 3.133764866232155 -0.007886237827962076 -0.7891539411749264
0.13493 -0.21391 0.25492 3.1339752438027166 -0.007703570467133383 -0.7890543356413459
0.13458 -0.21434 0.25557 3.134179030439031 -0.007526396030834266 -0.7889577267894694
0.13424 -0.21476 0.25623 3.134376406005427 -0.007354432193114937 -0.7888640340373838
0.13391 -0.21516 0.25688 3.1345675459130056 -0.007187419485882679 -0.7887731784735142
0.13358 -0.21554 0.25754 3.1347526214100747 -0.00702511903765853 -0.7886850828193596
0.13326 -0.21592 0.25819 3.1349317998581543 -0.00686731050570416 -0.7885996713708536
0.13295 -0.21627 0.25884 3.135105244921189 -0.00671379031121763 -0.7885168699852751
0.13265 -0.21661 0.25949 3.1352731167340595 -0.006564370053206922 -0.7884366060652479
0.13235 -0.21694 0.26014 3.1354355720925433 -0.006418874996865012 -0.7883588084981706
0.13206 -0.21726 0.26079 3.135592764551145 -0.006277142819138413 -0.7882834076507128
0.13177 -0.21756 0.26144 3.1357448445236833 -0.006139022464816732 -0.7882103353515975
0.13149 -0.21785 0.26208 3.135891959422081 -0.0060043730265542695 -0.7881395248295192
0.13122 -0.21813 0.26273 3.1360342536532846 -0.00587306291848849 -0.7880709107448034
0.13095 -0.21839 0.26337 3.136171868717293 -0.0057449689910339 -0.7880044291448903
0.13068 -0.21864 0.26401 3.1363040712735915 -0.005615660773067083 -0.7879428138343667
0.13042 -0.21888 0.26464 3.1364319655766737 -0.005489813891931329 -0.7878828262305082
0.13017 -0.21911 0.26528 3.136555674433872 -0.005367281109916753 -0.7878244474324583
0.12992 -0.21933 0.26591 3.1366753185602816 -0.00524792288860365 -0.7877676574652956
0.12967 -0.21953 0.26654 3.1367910169787687 -0.005131609404165483 -0.7877124335963872
0.12943 -0.21973 0.26716 3.136902886918663 -0.005018219679856237 -0.7876587507350351
0.12920 -0.21992 0.26779 3.1370110437163343 -0.004907640797494913 -0.7876065817895928
0.12896 -0.22009 0.26841 3.1371156007234693 -0.0047997672074635515 -0.7875558979987274
0.12873 -0.22026 0.26903 3.137216669190312 -0.004694500138656994 -0.7875066692467789
0.12851 -0.22042 0.26964 3.137314358240098 -0.004591746970016109 -0.7874588642941567
0.12829 -0.22056 0.27025 3.137408774825793 -0.004491420694569937 -0.787412450999667
0.12807 -0.22070 0.27086 3.137500023614211 -0.004393439535729934 -0.7873673965747593
0.12785 -0.22083 0.27147 3.1375882070038905 -0.004297726445363152 -0.787323667725462
0.12764 -0.22095 0.27207 3.137673425055339 -0.004204208772145406 -0.7872812308460363
0.12743 -0.22106 0.27267 3.1377557754859544 -0.004112817884915117 -0.7872400521488394
0.12722 -0.22117 0.27326 3.1378353536336947 -0.004023488877813119 -0.7872000978061865
0.12702 -0.22127 0.27385 3.1379122524532086 -0.003936160276711097 -0.787161334060132
0.12682 -0.22136 0.27444 3.1379865625199557 -0.0038507737637563993 -0.7871237273144689
0.12662 -0.22144 0.27502 3.138058371998686 -0.003767273979538745 -0.7870872442465947
0.12642 -0.22151 0.27560 3.1381277666695566 -0.0036856082835424533 -0.7870518518704995
0.12623 -0.22158 0.27618 3.1381948299354554 -0.0036057265617846623 -0.7870175176064017
0.12603 -0.22164 0.27675 3.1382596428252443 -0.0035275810545872264 -0.7869842093440005
0.12584 -0.22170 0.27732 3.138322284034774 -0.0034511261681137496 -0.7869518954761473
0.12566 -0.22174 0.27788 3.1383828299174836 -0.0033763183717771352 -0.786920544971604
0.12547 -0.22179 0.27844 3.138441354530591 -0.003303116022879056 -0.7868901273870137
0.12529 -0.22182 0.27900 3.1384979296573756 -0.0032314792629185947 -0.7868606129104373
0.12510 -0.22185 0.27955 3.138552624837875 -0.0031613698922781904 -0.7868319723802576
0.12492 -0.22188 0.28010 3.13860550741519 -0.0030927512581219053 -0.7868041772992717
0.12474 -0.22190 0.28064 3.138654845743163 -0.003017868384180006 -0.7867798146291133
0.12457 -0.22191 0.28118 3.1387026963801365 -0.0029451966290277016 -0.7867559193690574
0.12439 -0.22192 0.28172 3.138749101135454 -0.0028746300355712655 -0.7867324979015103
0.12422 -0.22193 0.28225 3.138794100401545 -0.002806065327770483 -0.7867095559307037
0.12404 -0.22192 0.28278 3.138837734499922 -0.002739407564060362 -0.7866870966204162
0.12387 -0.22192 0.28330 3.13888004352339 -0.002674569363949555 -0.7866651209277807
0.12370 -0.22191 0.28382 3.1389210672048073 -0.0026114701828961013 -0.7866436278844547
0.12353 -0.22190 0.28433 3.1389608447971535 -0.0025500356913960302 -0.7866226148734877
0.12337 -0.22188 0.28484 3.1389994149582505 -0.002490197207976701 -0.7866020778736652
0.12320 -0.22186 0.28535 3.1390368156909236 -0.0024318911548463855 -0.7865820116471768
0.12304 -0.22183 0.28585 3.1390730842643646 -0.0023750585997591206 -0.7865624099357598
0.12287 -0.22180 0.28635 3.139108257153925 -0.002319644832941823 -0.7865432656278497
0.12271 -0.22177 0.28685 3.1391423700076926 -0.002265598973002169 -0.7865245708941573
0.12255 -0.22173 0.28733 3.1391754575962083 -0.0022128736318947186 -0.7865063173294614
0.12239 -0.22169 0.28782 3.139207553799324 -0.0021614245888066904 -0.7864884960536898
0.12223 -0.22165 0.28830 3.1392386915779427 -0.0021112105142484295 -0.786471097821131
0.12207 -0.22160 0.28878 3.1392689029646 -0.002062192710564449 -0.7864541131057321
0.12192 -0.22155 0.28925 3.13929821905787 -0.0020143348776702893 -0.7864375321766194
0.12176 -0.22150 0.28972 3.139326670016562 -0.001967602905582175 -0.7864213451694221
0.12160 -0.22144 0.29018 3.139354285065219 -0.0019219646811803254 -0.786405542141957
0.12145 -0.22138 0.29064 3.139381092495369 -0.0018773899204272471 -0.786390113132305
0.12130 -0.22132 0.29110 3.139407119690514 -0.001833849999651544 -0.7863750481846911
0.12115 -0.22126 0.29155 3.1394323931161465 -0.0017913178308077869 -0.7863603374132925
0.12099 -0.22120 0.29199 3.1394569383456172 -0.0017497677234421865 -0.7863459710206562
0.12084 -0.22113 0.29244 3.1394807800801896 -0.0017091752670771601 -0.7863319393229027
0.12070 -0.22106 0.29287 3.1395039421611624 -0.0016695172293274623 -0.786318232779394
0.12055 -0.22098 0.29331 3.1395264475889166 -0.0016307714602500154 -0.7863048420130699
0.12040 -0.22091 0.29374 3.1395483185517055 -0.0015929168012719982 -0.7862917578176506
0.12025 -0.22083 0.29416 3.1395695764298304 -0.0015559330139516803 -0.7862789711886528
0.12011 -0.22076 0.29459 3.1395902418336843 -0.0015198007014372032 -0.7862664733178143
0.11996 -0.22068 0.29500 3.139610334623422 -0.0014845012445888232 -0.7862542556030588
0.11982 -0.22059 0.29542 3.1396298739204807 -0.0014500167470548552 -0.7862423096683624
0.11967 -0.22051 0.29583 3.139648878144214 -0.0014163299758538116 -0.7862306273501996
0.11953 -0.22042 0.29623 3.139667365033196 -0.0013834243146830915 -0.7862192007042166
0.11939 -0.22034 0.29663 3.1396853516491667 -0.0013512837230823034 -0.7862080220276286
0.11925 -0.22025 0.29703 3.139702854426957 -0.0013198926900365546 -0.7861970838274833
0.11911 -0.22016 0.29742 3.139719889174502 -0.0012892362013112249 -0.7861863788466497
0.11897 -0.22007 0.29781 3.1397364711069384 -0.0012592997037653025 -0.7861759000458748
0.11883 -0.21998 0.29819 3.139752614869774 -0.0012300690755274288 -0.7861656406024704
0.11869 -0.21988 0.29858 3.1397683345460647 -0.001201530598195992 -0.7861555939225391
0.11856 -0.21979 0.29895 3.1397836436925806 -0.001173670931142925 -0.7861457536177995
0.11842 -0.21969 0.29933 3.1397985553532903 -0.0011464770886731768 -0.7861361135106936
0.11828 -0.21960 0.29969 3.139813082074364 -0.0011199364180082764 -0.7861266676362286
0.11815 -0.21950 0.30006 3.1398272359338133 -0.0010940365812380037 -0.7861174102231294
0.11801 -0.21940 0.30042 3.1398410285514995 -0.001068765536246331 -0.7861083357014373
0.11788 -0.21930 0.30078 3.1398544711107714 -0.0010441115213641048 -0.7860994386911053
0.11775 -0.21920 0.30113 3.1398675743741924 -0.0010200630399328373 -0.786090713999648
0.11762 -0.21910 0.30148 3.139880348703108 -0.0009966088475021637 -0.7860821566139194
0.11748 -0.21899 0.30183 3.1398928040740945 -0.0009737379401505114 -0.7860737616933077
0.11735 -0.21889 0.30217 3.139904950090196 -0.0009514395410143264 -0.7860655245706021
0.11722 -0.21879 0.30251 3.1399167959985936 -0.0009297030899117865 -0.7860574407453216
0.11709 -0.21868 0.30284 3.1399283507071694 -0.000908518236147195 -0.7860495058726967
0.11697 -0.21858 0.30317 3.139939622799429 -0.0008878748290314115 -0.7860417157603709
0.11684 -0.21847 0.30350 3.139950620541017 -0.0008677629070994985 -0.7860340663691773
0.11671 -0.21837 0.30383 3.1399613519000247 -0.0008481726933642277 -0.7860265538014793
0.11659 -0.21826 0.30415 3.1399718245586823 -0.000829094589444583 -0.7860191742952303
0.11646 -0.21815 0.30446 3.1399820459199503 -0.0008105191646432422 -0.7860119242268049
0.11634 -0.21805 0.30478 3.1399920231256564 -0.0007924371549185437 -0.7860048000977994
0.11621 -0.21794 0.30509 3.140001763063937 -0.0007748394557812035 -0.7859977985335752
0.11609 -0.21783 0.30539 3.140011272378784 -0.0007577171145883931 -0.785990916282187
0.11596 -0.21772 0.30570 3.140020557484716 -0.0007410613316332216 -0.7859841502018821
0.11584 -0.21761 0.30600 3.140029624572544 -0.0007248634509372432 -0.7859774972636093
0.11572 -0.21751 0.30629 3.1400384796188243 -0.0007091149569211212 -0.7859709545457386
0.11560 -0.21740 0.30659 3.140047128397638 -0.000693807473698509 -0.7859645192261072
0.11548 -0.21729 0.30687 3.1400555764874056 -0.0006789327607514532 -0.7859581885796746
0.11536 -0.21718 0.30716 3.1400638292786973 -0.0006644827076174848 -0.7859519599768332
0.11524 -0.21707 0.30744 3.1400718919802957 -0.0006504493295478658 -0.7859458308811071
0.11513 -0.21696 0.30772 3.1400797696317464 -0.0006368247717982508 -0.7859397988379971
0.11501 -0.21685 0.30800 3.1400874671039896 -0.0006236012972136477 -0.78593386148179
0.11489 -0.21674 0.30827 3.140094989112333 -0.0006107712938470362 -0.7859280165220294
0.11478 -0.21663 0.30855 3.1401023402173163 -0.0005983272627133512 -0.7859222617499941
0.11466 -0.21652 0.30881 3.1401095248364608 -0.0005862618263970478 -0.7859165950255358
0.11455 -0.21641 0.30908 3.1401165472452974 -0.0005745677164492039 -0.7859110142837156
0.11443 -0.21630 0.30934 3.1401234115849026 -0.0005632377772106688 -0.7859055175268812
0.11432 -0.21619 0.30960 3.1401301218691446 -0.0005522649657555506 -0.7859001028203045
0.11421 -0.21608 0.30985 3.140136681985506 -0.0005416423428075627 -0.7858947682959253
0.11410 -0.21597 0.31010 3.1401430957039103 -0.0005313630779023151 -0.7858895121439283
0.11399 -0.21586 0.31035 3.140149366680242 -0.0005214204461582077 -0.7858843326118493
0.11388 -0.21575 0.31060 3.1401554984603806 -0.0005118078260820635 -0.7858792280028563
0.11377 -0.21564 0.31084 3.140161494482965 -0.0005025186947020437 -0.7858741966760823
0.11366 -0.21554 0.31108 3.1401673580870724 -0.0004935466339047315 -0.7858692370385798
0.11355 -0.21543 0.31132 3.140173092513403 -0.0004848853228553108 -0.785864347548014
0.11345 -0.21532 0.31156 3.1401787009067523 -0.00047652853432596736 -0.7858595267123568
0.11334 -0.21521 0.31179 3.140184186324639 -0.00046847014589838335 -0.7858547730791836
0.11323 -0.21510 0.31202 3.1401895517346077 -0.0004607041223764939 -0.785850085245296
0.11313 -0.21499 0.31225 3.1401948000213573 -0.00045322452600265464 -0.785845461847171
0.11302 -0.21489 0.31247 3.140199933989174 -0.0004460255145617346 -0.7858409015600474
0.11292 -0.21478 0.31269 3.1402049563624868 -0.00043910133168215837 -0.7858364031017917
0.11282 -0.21467 0.31291 3.1402098697918697 -0.00043244631411636466 -0.7858319652258325
0.11271 -0.21457 0.31313 3.140214676854494 -0.00042605488636314926 -0.7858275867226721
0.11261 -0.21446 0.31334 3.1402193800591087 -0.0004199215673894687 -0.785823266413758
0.11251 -0.21435 0.31355 3.1402239818442523 -0.00041404095460558063 -0.7858190031592113
0.11241 -0.21425 0.31376 3.140228484586269 -0.00040840774154807155 -0.785814795845281
0.11231 -0.21414 0.31397 3.140232890595707 -0.0004030166979507961 -0.7858106433944858
0.11221 -0.21404 0.31417 3.1402372021224956 -0.00039786267960596506 -0.7858065447580204
0.11211 -0.21393 0.31438 3.1402414213591054 -0.00039294063092061685 -0.7858024989126922
0.11202 -0.21383 0.31458 3.140245550438771 -0.00038824556925729485 -0.7857985048680826
0.11192 -0.21373 0.31477 3.1402495914419792 -0.00038377260265615946 -0.785794561655184
0.11182 -0.21362 0.31497 3.1402535463950456 -0.00037951691696067063 -0.7857906683321417
0.11173 -0.21352 0.31516 3.1402574172712345 -0.00037547377243300555 -0.7857868239845802
0.11163 -0.21342 0.31535 3.1402612059956048 -0.0003716385144714309 -0.7857830277183689
0.11154 -0.21332 0.31554 3.140264914443052 -0.00036800655898201284 -0.7857792786661413
0.11144 -0.21321 0.31572 3.1402685444426517 -0.0003645734031023464 -0.7857755759803193
0.11135 -0.21311 0.31591 3.1402720977773484 -0.00036133461750651645 -0.7857719188359433
0.11126 -0.21301 0.31609 3.1402755761858843 -0.00035828584721983933 -0.7857683064289873
0.11117 -0.21291 0.31627 3.1402789813645704 -0.00035542281309601374 -0.785764737974505
0.11108 -0.21281 0.31644 3.1402823149682924 -0.00035274131054583466 -0.7857612127062121
0.11099 -0.21271 0.31662 3.140285578610176 -0.000350237198861968 -0.7857577298804475
0.11090 -0.21261 0.31679 3.140288773866237 -0.00034790641964120713 -0.7857542887663561
0.11081 -0.21252 0.31696 3.1402919022722404 -0.0003457449737047478 -0.7857508886559257
0.11072 -0.21242 0.31713 3.140294965327757 -0.00034374893454604396 -0.7857475288564523
0.11063 -0.21232 0.31730 3.14029796449703 -0.0003419144481640882 -0.7857442086898627
0.11054 -0.21222 0.31746 3.1403009012085112 -0.0003402377237591062 -0.7857409274960702
0.11046 -0.21213 0.31763 3.140303776857464 -0.0003387150395492443 -0.7857376846292049
0.11037 -0.21203 0.31779 3.140306592805536 -0.0003373427391489044 -0.7857344794587625
0.11029 -0.21194 0.31795 3.1403093503821937 -0.0003361172296552366 -0.7857313113693205
0.11020 -0.21184 0.31810 3.1403120508858122 -0.00033503498289590513 -0.7857281797591976
0.11012 -0.21175 0.31826 3.140314695584267 -0.00033409253412859603 -0.7857250840403124
0.11003 -0.21165 0.31841 3.140317285716149 -0.0003332864831466605 -0.7857220236368928
0.10995 -0.21156 0.31856 3.1403198224898934 -0.0003326134851431915 -0.7857189979887561
0.10987 -0.21147 0.31871 3.1403223070865662 -0.00033207025797502146 -0.7857160065471863
0.10979 -0.21137 0.31886 3.140324740660769 -0.0003316535850553503 -0.7857130487731706
0.10971 -0.21128 0.31901 3.1403271243392052 -0.00033136030274994447 -0.7857101241421166
0.10962 -0.21119 0.31915 3.1403294592230404 -0.00033118730920158224 -0.7857072321394154
0.10954 -0.21110 0.31929 3.140329733886095 -0.0003176659491631267 -0.7857056633679416
0.10946 -0.21101 0.31943 3.140330183728715 -0.0003055934851617172 -0.7857039832004187
0.10938 -0.21092 0.31957 3.140330788649362 -0.00029484738475817355 -0.7857022046928349
0.10931 -0.21083 0.31971 3.140331528713936 -0.0002853039661837041 -0.7857003408008929
0.10923 -0.21074 0.31984 3.1403323861081174 -0.00027685162823400274 -0.7856984031295285
0.10915 -0.21065 0.31998 3.1403333449236506 -0.0002693896702692701 -0.7856964020647002
0.10907 -0.21056 0.32011 3.140334390961745 -0.00026282720544638786 -0.7856943468983226
0.10900 -0.21048 0.32024 3.1403355115579212 -0.00025708218420737413 -0.785692245939534
0.10892 -0.21039 0.32037 3.14033669542341 -0.00025208051729455177 -0.7856901066144365
0.10885 -0.21030 0.32050 3.140337932503634 -0.0002477552810423728 -0.7856879355572811
0.10877 -0.21022 0.32063 3.1403392138514943 -0.00024404601543557902 -0.7856857386878384
0.10870 -0.21013 0.32075 3.1403405315121886 -0.00024089807516764096 -0.7856835212871874
0.10863 -0.21005 0.32088 3.140341878420175 -0.00023826205579778118 -0.7856812880622288
0.10855 -0.20996 0.32100 3.1403432483084637 -0.00023609328239635287 -0.785679043201412
0.10848 -0.20988 0.32112 3.1403446356237286 -0.0002343513300972964 -0.785676790432233
0.10841 -0.20980 0.32124 3.1403460354523185 -0.0002329996046966781 -0.7856745330681648
0.10834 -0.20972 0.32136 3.1403474434547007 -0.00023200497863396847 -0.7856722740462235
0.10827 -0.20963 0.32147 3.1403488558037447 -0.00023133743427492656 -0.7856700159710261
0.10820 -0.20956 0.32160 3.1403476844243734 -0.00024120669599752073 -0.7856760544389306
0.10813 -0.20949 0.32172 3.140343749454936 -0.00026251459982259626 -0.7856911037216058
0.10805 -0.20942 0.32185 3.140337472991473 -0.0002936924201187286 -0.7857139256061133
0.10798 -0.20936 0.32198 3.140329222876335 -0.00033334324681778414 -0.785743428836487
0.10791 -0.20931 0.32211 3.1403193208845437 -0.00038023673887825784 -0.7857786514883447
0.10783 -0.20925 0.32224 3.140308048009521 -0.0004332904524082111 -0.7858187465626404
0.10776 -0.20920 0.32238 3.1402956491734777 -0.0004915531725537757 -0.7858629691287959
0.10769 -0.20916 0.32251 3.1402823374263487 -0.0005541900620507776 -0.7859106648473962
0.10761 -0.20911 0.32265 3.1402682976829377 -0.0006204694209094767 -0.7859612597347289
0.10754 -0.20907 0.32279 3.1402536900492515 -0.0006897509025072533 -0.7860142510327065
0.10747 -0.20904 0.32292 3.140238652778422 -0.0007614750158520438 -0.7860691990727829
0.10739 -0.20900 0.32306 3.140223304896649 -0.0008351537788669188 -0.7861257200288901
0.10732 -0.20896 0.32320 3.1402077485340842 -0.000910362407844602 -0.7861834794619496
0.10725 -0.20893 0.32334 3.1401920709917475 -0.0009867319182163732 -0.7862421865761023
0.10718 -0.20890 0.32347 3.140176346574314 -0.0010639425604962146 -0.7863015891062368
0.10710 -0.20887 0.32361 3.140160638212426 -0.0011417179830695075 -0.786361468771747
0.10703 -0.20884 0.32375 3.14014499889757 -0.0012198200393037692 -0.7864216372411608
0.10696 -0.20881 0.32388 3.1401294729511506 -0.001298044187716039 -0.7864819325444447
0.10689 -0.20878 0.32402 3.140114097145621 -0.0013762154083990668 -0.7865422158883991
0.10682 -0.20876 0.32415 3.1400989016938894 -0.0014541845951312887 -0.786602368828439
0.10675 -0.20873 0.32428 3.1400839111207035 -0.0015318253380930114 -0.7866622907690718
0.10669 -0.20870 0.32442 3.1400691450308673 -0.0016090310868680036 -0.7867218967434997
0.10662 -0.20868 0.32455 3.140054618785258 -0.0016857126473183636 -0.7867811154473832
0.10655 -0.20865 0.32468 3.140040344093802 -0.0017617959476255855 -0.7868398875052616
0.10649 -0.20863 0.32481 3.140026329537291 -0.0018372200945019834 -0.7868981639305532
0.10642 -0.20861 0.32493 3.1400125810238406 -0.001911935624735584 -0.7869559047727199
0.10636 -0.20858 0.32506 3.139999102188914 -0.0019859029982947037 -0.7870130779175968
0.10629 -0.20856 0.32519 3.1399858947448265 -0.0020590912380175816 -0.7870696580341954
0.10623 -0.20854 0.32531 3.139972958785354 -0.002131476755493117 -0.7871256256458908
0.10616 -0.20852 0.32543 3.139960293052177 -0.002203042309747845 -0.7871809663120393
0.10610 -0.20850 0.32556 3.1399478951653834 -0.002273776092714608 -0.7872356699112592
0.10604 -0.20847 0.32568 3.1399357618238484 -0.002343670932620245 -0.7872897300109158
0.10598 -0.20845 0.32580 3.1399238889787844 -0.002412723594145887 -0.7873431433156378
0.10592 -0.20843 0.32592 3.139912271983881 -0.0024809341592912618 -0.7873959091848414
0.10586 -0.20841 0.32603 3.1399009057238096 -0.002548305494935642 -0.7874480292122346
0.10580 -0.20839 0.32615 3.1398897847250726 -0.002614842800165426 -0.7874995068533978
0.10574 -0.20837 0.32626 3.1398789032510956 -0.002680553179458389 -0.7875503471123413
0.10568 -0.20835 0.32638 3.139868255382103 -0.002745445310606056 -0.7876005562596501
0.10562 -0.20833 0.32649 3.1398578350845887 -0.0028095291307545013 -0.7876501415908117
0.10557 -0.20831 0.32660 3.139847636267544 -0.0028728155772352183 -0.7876991112234636
0.10551 -0.20829 0.32671 3.139837652832462 -0.0029353163600761563 -0.7877474739124545
0.10545 -0.20827 0.32682 3.139827878712752 -0.002997043769849645 -0.7877952388985939
0.10540 -0.20825 0.32693 3.1398183079065123 -0.003058010517797309 -0.787842415775829
0.10534 -0.20823 0.32704 3.139808934504156 -0.0031182295849091378 -0.7878890143824739
0.10529 -0.20821 0.32715 3.1397997527112507 -0.0031777141044325224 -0.787935044699878
0.10523 -0.20819 0.32725 3.1397907568636203 -0.0032364772713557783 -0.787980516777889
0.10518 -0.20817 0.32735 3.139781941442491 -0.003294532247970177 -0.7880254406643414
0.10513 -0.20815 0.32746 3.139773301084008 -0.003351892098240654 -0.788069826350324
0.10508 -0.20813 0.32756 3.1397648305870196 -0.0034085697301642877 -0.7881136837211611
0.10503 -0.20812 0.32766 3.139756524916571 -0.0034645778518279055 -0.7881570225232245
0.10497 -0.20810 0.32776 3.1397483792079575 -0.0035199289280078007 -0.788199852331628
0.10492 -0.20808 0.32786 3.13974038876755 -0.003574635157132371 -0.7882421825235933
0.10487 -0.20806 0.32796 3.1397325490717263 -0.0036287084460395933 -0.7882840222652095
0.10483 -0.20804 0.32805 3.1397248557667856 -0.003682160392251127 -0.7883253804910665
0.10478 -0.20802 0.32815 3.1397173046639315 -0.0037350022837008977 -0.7883662658997913
0.10473 -0.20800 0.32824 3.1397098917385575 -0.0037872450715985663 -0.7884066869473807
0.10468 -0.20799 0.32834 3.139702613125376 -0.0038388993816745533 -0.7884466518394413
0.10463 -0.20797 0.32843 3.1396954651140643 -0.0038899755089327323 -0.7884861685322557
0.10459 -0.20795 0.32852 3.139688444143445 -0.003940483424858047 -0.7885252447347638
0.10454 -0.20793 0.32861 3.139681546798343 -0.003990432770434832 -0.7885638879099058
0.10449 -0.20792 0.32870 3.1396747698026126 -0.0040398328711371495 -0.7886021052808145
0.10445 -0.20790 0.32879 3.139668110015352 -0.004088692740845939 -0.7886399038292128
0.10440 -0.20788 0.32888 3.139661564423805 -0.00413702108966313 -0.7886772903106332
0.10436 -0.20786 0.32896 3.1396551301400892 -0.004184826330934665 -0.7887142712516154
0.10432 -0.20785 0.32905 3.139648804393813 -0.0042321165939981625 -0.7887508529647789
0.10427 -0.20783 0.32914 3.139642584528338 -0.004278899735063887 -0.7887870415472842
0.10423 -0.20781 0.32922 3.139636467993326 -0.004325183347220669 -0.7888228429006277
0.10419 -0.20780 0.32930 3.1396304523441834 -0.004370974758120163 -0.7888582627251564
0.10415 -0.20778 0.32938 3.139624535231598 -0.0044162810647211444 -0.7888933065373752
0.10410 -0.20776 0.32947 3.139618714400467 -0.004461109123214276 -0.7889279796752716
0.10406 -0.20775 0.32955 3.139612987684623 -0.004505465567304611 -0.7889622873036788
0.10402 -0.20773 0.32963 3.139607353002563 -0.004549356813910676 -0.7889962344240592
0.10398 -0.20771 0.32971 3.139601808352312 -0.004592789079402689 -0.7890298258817124
0.10394 -0.20770 0.32978 3.1395963518062895 -0.004635768394950279 -0.789063066374905
0.10390 -0.20768 0.32986 3.139590981511587 -0.004678300593226039 -0.7890959604583934
0.10386 -0.20766 0.32994 3.13958569568328 -0.004720391333776739 -0.7891285125519572
0.10382 -0.20765 0.33001 3.1395804926004556 -0.004762046115568353 -0.7891607269468259
0.10379 -0.20763 0.33009 3.13957537060373 -0.004803270278537645 -0.7891926078134373
0.10375 -0.20762 0.33016 3.1395703280928537 -0.004844069007602834 -0.7892241592068059
0.10371 -0.20760 0.33024 3.1395653635219025 -0.004884447350965131 -0.7892553850718579
0.10367 -0.20759 0.33031 3.139560475398976 -0.004924410214553187 -0.7892862892481746
0.10364 -0.20757 0.33038 3.1395556622805465 -0.0049639623832223164 -0.7893168754767493
0.10360 -0.20755 0.33045 3.13955092277154 -0.005003108513139905 -0.7893471474054436
0.10356 -0.20754 0.33052 3.1395462555212714 -0.00504185314713091 -0.7893771085937914
0.10353 -0.20752 0.33059 3.139541659221144 -0.005080200722830082 -0.7894067625147686
0.10349 -0.20751 0.33066 3.1395371326039307 -0.005118155569135666 -0.7894361125609363
0.10346 -0.20749 0.33073 3.1395326744409924 -0.005155721914300695 -0.7894651620502855
0.10342 -0.20748 0.33079 3.1395282835393914 -0.005192903898438636 -0.7894939142277949
0.10339 -0.20746 0.33086 3.139523958740891 -0.005229705572092055 -0.7895223722709328
0.10336 -0.20745 0.33093 3.139519698920499 -0.0052661309008351686 -0.7895505392910299
0.10332 -0.20744 0.33099 3.139515502984578 -0.005302183771396426 -0.7895784183368192
0.10329 -0.20742 0.33106 3.139511369869068 -0.005337867994563006 -0.7896060124008822
0.10326 -0.20741 0.33112 3.1395072985400025 -0.00537318730323742 -0.7896333244154231
0.10322 -0.20739 0.33118 3.13950328798936 -0.005408145366063722 -0.7896603572628276
0.10319 -0.20738 0.33124 3.139499337234363 -0.005442745790522156 -0.7896871137742534
0.10316 -0.20737 0.33131 3.1394954453183734 -0.005476992114219032 -0.7897135967321713
0.10313 -0.20735 0.33137 3.139491611307674 -0.005510887820862359 -0.7897398088711117
0.10310 -0.20734 0.33143 3.1394878342911947 -0.005544436335911241 -0.7897657528832297
0.10307 -0.20732 0.33149 3.1394841133797953 -0.005577641029697474 -0.7897914314187329
0.10304 -0.20731 0.33155 3.1394804477043983 -0.005610505224629481 -0.7898168470866741
0.10301 -0.20730 0.33161 3.139476836417643 -0.005643032184403135 -0.7898420024572402
0.10298 -0.20728 0.33166 3.139473278688725 -0.005675225137181798 -0.7898669000644336
0.10295 -0.20727 0.33172 3.1394697737064674 -0.005707087259368634 -0.7898915424080624
0.10292 -0.20726 0.33178 3.1394663206773723 -0.005738621684350343 -0.7899159319499862
0.10289 -0.20724 0.33183 3.139462918823967 -0.0057698315064529946 -0.7899400711238884
0.10286 -0.20723 0.33189 3.1394595673857535 -0.005800719777523989 -0.7899639623287174
0.10283 -0.20722 0.33194 3.139456265617826 -0.005831289510818323 -0.7899876079345036
0.10280 -0.20721 0.33200 3.1394530127891147 -0.005861543687811482 -0.790011010282081
0.10278 -0.20719 0.33205 3.139449808185189 -0.005891485244967297 -0.7900341716820222
0.10275 -0.20718 0.33210 3.1394466511042083 -0.005921117090265583 -0.7900570944206844
0.10272 -0.20717 0.33216 3.139443540858835 -0.005950442094059077 -0.790079780756247
0.10269 -0.20716 0.33221 3.1394404767731525 -0.005979463102376467 -0.7901022329212394
0.10267 -0.20714 0.33226 3.139437458185201 -0.006008182923307225 -0.7901244531247195
0.10264 -0.20713 0.33231 3.1394344844457316 -0.0060366043336104154 -0.7901464435493828
0.10261 -0.20712 0.33236 3.139431554916431 -0.0060647300838757665 -0.7901682063563773
0.10259 -0.20711 0.33241 3.1394286689702 -0.006092562898240011 -0.7901897436828563
0.10256 -0.20710 0.33246 3.1394258259921304 -0.0061201054679192795 -0.790211057644753
0.10254 -0.20708 0.33251 3.139423025377183 -0.006147360461522652 -0.7902321503359374
0.10251 -0.20707 0.33256 3.139420266531996 -0.006174330516731456 -0.790253023827739
0.10249 -0.20706 0.33260 3.139417548873297 -0.006201018245247262 -0.7902736801732807
0.10246 -0.20705 0.33265 3.139414871826227 -0.006227426240574381 -0.7902941214047519
0.10244 -0.20704 0.33270 3.1394122348272187 -0.006253557065221792 -0.7903143495346981
0.10242 -0.20703 0.33274 3.1394096373216342 -0.006279413259573148 -0.7903343665543116
0.10239 -0.20702 0.33279 3.139407078764404 -0.006304997338795863 -0.790354174438706
0.10237 -0.20700 0.33283 3.139404558618841 -0.006330311797536835 -0.7903737751425471
0.10234 -0.20699 0.33288 3.139402076356774 -0.006355359108610321 -0.7903931706034203
0.10232 -0.20698 0.33292 3.139399631459513 -0.006380141718806359 -0.7904123627402255
0.10230 -0.20697 0.33297 3.1393972234162164 -0.00640466205465701 -0.7904313534552075
0.10228 -0.20696 0.33301 3.139394851725053 -0.006428922518631082 -0.7904501446300141
0.10225 -0.20695 0.33305 3.1393925158901044 -0.006452925499179859 -0.7904687381347405
0.10223 -0.20694 0.33310 3.139390215425306 -0.0064766733568227906 -0.7904871358167522
0.10221 -0.20693 0.33314 3.1393879498512307 -0.0065001684344054254 -0.7905053395119802
0.10219 -0.20692 0.33318 3.139385718695947 -0.006523413055056466 -0.7905233510364196
0.10217 -0.20691 0.33322 3.1393835214952204 -0.006546409519962513 -0.7905411721904495
0.10215 -0.20690 0.33326 3.1393813577907683 -0.006569160115359289 -0.7905588047610291
0.10212 -0.20689 0.33330 3.1393792271333387 -0.006591667100358003 -0.7905762505152596
0.10210 -0.20688 0.33334 3.139377129078928 -0.006613932720621014 -0.7905935112091516
0.10208 -0.20687 0.33338 3.1393750631911845 -0.006635959199821003 -0.7906105885794045
0.10206 -0.20686 0.33342 3.1393730290390387 -0.006657748747240642 -0.7906274843517539
0.10204 -0.20685 0.33346 3.1393710261991545 -0.006679303549304769 -0.7906442002341405
0.10202 -0.20684 0.33349 3.139369054254334 -0.006700625774891245 -0.7906607379175488
0.10200 -0.20683 0.33353 3.1393671127931158 -0.006721717575912834 -0.7906770990823302
0.10198 -0.20682 0.33357 3.1393652014107447 -0.006742581084099757 -0.7906932853940188
0.10196 -0.20681 0.33360 3.1393633197077118 -0.006763218417280984 -0.7907092985001001
0.10194 -0.20680 0.33364 3.1393614672907546 -0.006783631672938187 -0.7907251400383951
0.10193 -0.20679 0.33368 3.139359643773232 -0.006803822928399372 -0.7907408116290632
0.10191 -0.20678 0.33371 3.139357848771567 -0.006823794253647114 -0.7907563148800496
0.10189 -0.20677 0.33375 3.1393560819109165 -0.006843547689311385 -0.7907716513843045
0.10187 -0.20676 0.33378 3.139354342820237 -0.006863085265337354 -0.7907868227202063
0.10185 -0.20675 0.33382 3.139352631134776 -0.006882408991846717 -0.7908018304543751
0.10183 -0.20674 0.33385 3.139350946493864 -0.006901520865838127 -0.790816676140459
0.10182 -0.20674 0.33388 3.1393492885427077 -0.006920422865757733 -0.7908313613165048
0.10180 -0.20673 0.33392 3.139347656931493 -0.006939116954326982 -0.7908458875093479
0.10178 -0.20672 0.33395 3.139346051316173 -0.006957605074813139 -0.7908602562281634
0.10176 -0.20671 0.33398 3.139344471356227 -0.00697588915923767 -0.7908744689753198
0.10175 -0.20670 0.33401 3.1393429167161875 -0.00699397112310789 -0.7908885272385676
0.10173 -0.20669 0.33405 3.139341387065919 -0.007011852864008551 -0.7909024324906978
0.10171 -0.20668 0.33408 3.1393398820805354 -0.007029536261373822 -0.7909161861902091
0.10170 -0.20667 0.33411 3.139338401438622 -0.0070470231835939616 -0.790929789788632
0.10168 -0.20667 0.33414 3.1393369448246173 -0.0070643154778240866 -0.7909432447198497
0.10166 -0.20666 0.33417 3.139335511927104 -0.0070814149775981754 -0.7909565524029859
0.10165 -0.20665 0.33420 3.1393341024367136 -0.007098323509187841 -0.7909697142546632
0.10163 -0.20664 0.33423 3.1393327160503692 -0.007115042877535305 -0.7909827316719866
0.10162 -0.20663 0.33426 3.139331352471457 -0.007131574862932871 -0.7909956060384281
0.10160 -0.20663 0.33429 3.1393300114038727 -0.007147921244445919 -0.7910083387275565
0.10158 -0.20662 0.33432 3.1393286925567163 -0.007164083782683229 -0.7910209311053934
0.10157 -0.20661 0.33434 3.1393273956441328 -0.007180064219147939 -0.7910333845166966
0.10155 -0.20660 0.33437 3.139326120383088 -0.007195864285691496 -0.7910457003026955
0.10154 -0.20659 0.33440 3.1393248664949556 -0.007211485697147726 -0.7910578797906952
0.10152 -0.20659 0.33443 3.1393236337058084 -0.007226930151462111 -0.7910699242926076
0.10151 -0.20658 0.33446 3.1393224217433993 -0.007242199339509411 -0.7910818351151586
0.10150 -0.20657 0.33448 3.1393212303420532 -0.007257294926703231 -0.7910936135464953
0.10148 -0.20656 0.33451 3.139320059237147 -0.007272218575277671 -0.791105260867981
0.10147 -0.20656 0.33454 3.1393189081712216 -0.007286971919532255 -0.7911167783461469
0.10145 -0.20655 0.33456 3.1393177768853118 -0.007301556598711796 -0.7911281672423736
0.10144 -0.20654 0.33459 3.139316665128157 -0.007315974222315983 -0.7911394287989297
0.10143 -0.20653 0.33461 3.139315572649781 -0.007330226394554795 -0.7911505642555525
0.10141 -0.20653 0.33464 3.139314499204705 -0.0073443147019189 -0.791161574833344
0.10140 -0.20652 0.33466 3.13931344455203 -0.007358240712377047 -0.7911724617440039
0.10138 -0.20651 0.33469 3.139312408450356 -0.007372005994146219 -0.7911832261927653
0.10137 -0.20651 0.33471 3.1393113906644405 -0.007385612092952548 -0.7911938693727637
0.10136 -0.20650 0.33474 3.1393103909627476 -0.007399060537288298 -0.7912043924609523
